0 6756
1 72
2 54
3 54
4 48
5 34
6 50
7 29
8 39
9 33
10 36
11 20
12 21
13 28
14 28
15 28
16 23
17 17
18 28
19 34
20 17
21 28
22 21
23 30
24 20
25 27
26 22
27 27
28 27
29 25
30 24
31 32
32 28
33 34
34 33
35 19
36 33
37 22
38 41
39 19
40 26
41 28
42 37
43 32
44 52
45 24
46 41
47 38
48 32
49 40
50 36
51 25
52 41
53 45
54 40
55 37
56 33
57 25
58 29
59 30
60 25
61 29
62 52
63 45
64 33
65 34
66 85
67 35
68 43
69 33
70 52
71 44
72 64
73 40
74 58
75 36
76 49
77 58
78 55
79 44
80 61
81 43
82 45
83 67
84 58
85 52
86 39
87 36
88 32
89 71
90 63
91 40
92 32
93 47
94 44
95 42
96 39
97 45
98 60
99 43
100 43
101 45
102 38
103 45
104 60
105 50
106 48
107 48
108 53
109 67
110 56
111 55
112 89
113 54
114 72
115 63
116 63
117 76
118 55
119 62
120 84
121 54
122 82
123 52
124 52
125 73
126 66
127 66
128 101
129 80
130 93
131 79
132 79
133 83
134 83
135 104
136 93
137 97
138 118
139 117
140 86
141 87
142 100
143 118
144 128
145 87
146 123
147 108
148 88
149 94
150 96
151 96
152 82
153 105
154 91
155 82
156 97
157 107
158 80
159 76
160 117
161 89
162 80
163 100
164 115
165 127
166 130
167 143
168 98
169 108
170 125
171 113
172 110
173 128
174 123
175 127
176 138
177 131
178 96
179 126
180 121
181 136
182 105
183 153
184 139
185 154
186 152
187 138
188 458
189 149
190 487
191 318
192 381
193 301
194 372
195 341
196 353
197 531
198 485
199 746
200 1858
201 847
202 936
203 987
204 881
205 906
206 910
207 950
208 831
209 800
210 713
211 566
212 557
213 469
214 402
215 385
216 592
217 248
218 198
219 143
220 188
221 204
222 109
223 181
224 141
225 227
226 175
227 143
228 194
229 196
230 179
231 168
232 189
233 140
234 144
235 207
236 153
237 128
238 163
239 171
240 145
241 138
242 207
243 156
244 135
245 159
246 160
247 192
248 198
249 305
250 294
251 353
252 318
253 217
254 857
255 44989
